00000000000000000000000010000000000000000000000000
00000000000000000000000010000000000000000000000000
00000000000000000000000010000000000000000000000000
00000000000000000000000010000000000000000000000000
00000000000000000000000010000000000000000000000000
00000000000000000000000010000000000000000000000000
00000000000000000000000010000000000000000000000000
00000000000000000000000010000000000000000000000000
00000000000000000000000010000000000000000000000000
00000000000000000000000010000000000000000000000000
00000000000000000000000010000000000000000000000000
00000000000000000000000010000000000000000000000000
00000000000000000000000010000000000000000000000000
00000000000000000000000010000000000000000000000000
00000000000000000000000010000000000000000000000000
00000000000111111111111110000000000001000000000000
00000000000000000000000010000000000001000000000000
00000000000000000000000010000000000001000000000000
00000000000000000000000010000000000001000000000000
00000000000000000000000010000000000001000000000000
00000000000000000000000010000000000001000000000000
00000000000000000000000010000000000001000000000000
00000000000000000000000010000000000001000000000000
00000000000000000000000010000000000001000000000000
00000000000000000000000010000000000001000000000000
00000000000000000000000010000000000001000000000000
00000000000000000000000010000000000001000000000000
00000000000000000000000010000000000001000000000000
00000000000000000000000010000000000001000000000000
00000000000000000000000010000000000001000000000000
00000000000000000000000010000000000001000000000000
00000000000000000000000010000000000001000000000000
00000000000000000000000010000000000001000000000000
00000000000000000000000000000000000000000000000000
00000000000000000000000000000000000000000000000000
00000000000000000000000000000000000000000000000000
00000000000000000000000000000000000000000000000000
00000000000000000000000000000000000000000000000000
00000000000000000000000000000000000000000000000000
00000000000000000000000000000000000000000000000000
00000000000000000000000000000000000000000000000000
00000000000000000000000000000000000000000000000000
00000000000000000000000000000000000000000000000000
00000000000000000000000000000000000000000000000000
00000000000000000000000000000000000000000000000000
00000000000000000000000000000000000000000000000000
00000000000000000000000000000000000000000000000000
00000000000000000000000000000000000000000000000000
00000000000000000000000000000000000000000000000000
00000000000000000000000000000000000000000000000000
